1.3425e+01 -1.5842e+00 2.0000e+00
6.8473e+00 4.8709e+00 3.0000e+00
1.0919e+01 5.6012e-01 2.0000e+00
9.4087e-01 6.2289e-01 1.0000e+00
8.9639e-01 3.3924e+00 1.0000e+00
1.2282e+00 1.8444e+00 1.0000e+00
4.6699e+00 7.5308e+00 3.0000e+00
1.3303e-01 6.0494e-01 1.0000e+00
3.7663e+00 -2.6955e+00 1.0000e+00
6.1105e+00 7.2632e+00 3.0000e+00
9.0395e+00 1.8722e+00 2.0000e+00
8.9423e+00 3.4742e-01 2.0000e+00
-1.4791e+00 3.0860e+00 1.0000e+00
4.5895e+00 5.7272e+00 3.0000e+00
1.1937e+01 -1.4607e+00 2.0000e+00
1.9545e-01 1.1659e+00 1.0000e+00
1.2505e+00 -3.2041e+00 1.0000e+00
3.4548e+00 6.8340e-02 3.0000e+00
5.5470e+00 3.2560e+00 3.0000e+00
1.0661e+01 -2.9055e-01 2.0000e+00
1.2239e+00 -2.6830e+00 1.0000e+00
-7.2939e-01 3.1341e-01 1.0000e+00
-2.0644e-01 8.2120e-01 1.0000e+00
-4.7283e+00 4.0668e-02 1.0000e+00
5.5120e-01 2.8701e+00 1.0000e+00
4.5786e+00 2.3708e+00 3.0000e+00
-3.5371e+00 7.1096e-01 1.0000e+00
7.4675e+00 3.7137e+00 3.0000e+00
4.2325e+00 5.1583e+00 3.0000e+00
2.9130e+00 4.9229e+00 3.0000e+00
2.1370e+00 -9.0677e-01 1.0000e+00
4.9003e+00 5.5817e+00 3.0000e+00
2.0472e+00 6.1160e+00 3.0000e+00
1.0078e+01 1.2531e+00 2.0000e+00
7.7080e+00 9.4132e-02 2.0000e+00
1.3525e+00 4.3259e+00 3.0000e+00
8.8207e-01 3.5759e-01 1.0000e+00
1.0455e+01 3.2285e+00 2.0000e+00
2.9414e+00 7.0615e+00 3.0000e+00
5.6856e-01 3.4853e+00 1.0000e+00
9.5861e+00 -1.3562e+00 2.0000e+00
1.1798e+00 -7.2772e-01 1.0000e+00
-1.3159e+00 1.9378e+00 1.0000e+00
9.4464e+00 2.2478e+00 2.0000e+00
1.1542e+01 4.8634e-01 2.0000e+00
7.7661e+00 -7.0593e-02 2.0000e+00
-1.7756e+00 -3.9616e+00 1.0000e+00
3.9984e+00 4.5557e+00 3.0000e+00
1.0430e+01 1.9444e-01 2.0000e+00
-2.0339e-01 3.8559e-02 1.0000e+00
-1.3841e+00 3.0728e+00 1.0000e+00
2.6500e+00 4.1067e-01 1.0000e+00
2.9708e+00 4.5698e+00 3.0000e+00
4.2559e+00 4.5438e+00 3.0000e+00
1.0066e+01 -1.7083e+00 2.0000e+00
9.9429e+00 -6.4946e-01 2.0000e+00
1.0456e+01 4.0296e-01 2.0000e+00
2.0237e+00 -1.3159e+00 1.0000e+00
5.5641e+00 1.0111e+01 3.0000e+00
-8.9633e-01 -1.2987e+00 1.0000e+00
5.9685e+00 4.5300e+00 3.0000e+00
5.3102e+00 2.1505e+00 3.0000e+00
6.1095e+00 6.2901e+00 3.0000e+00
4.3956e+00 -2.3768e+00 2.0000e+00
2.6529e+00 -1.9292e+00 1.0000e+00
5.8635e+00 5.2255e+00 3.0000e+00
6.7232e+00 -3.5528e+00 2.0000e+00
-1.3757e+00 -2.4282e+00 1.0000e+00
3.8737e+00 3.6874e+00 3.0000e+00
4.7917e-01 -7.3960e-01 1.0000e+00
4.0629e+00 5.8880e+00 3.0000e+00
7.3509e-01 3.8062e-01 1.0000e+00
9.1993e+00 -2.9446e+00 2.0000e+00
1.0696e+01 1.3265e+00 2.0000e+00
1.1636e+01 4.7640e-01 2.0000e+00
9.3469e+00 -1.6420e-02 2.0000e+00
7.1068e+00 -3.1654e+00 2.0000e+00
1.4582e+00 2.5797e-01 1.0000e+00
8.4002e+00 -4.4015e-01 2.0000e+00
1.0502e+01 2.1095e+00 2.0000e+00
7.5593e+00 4.9580e+00 3.0000e+00
6.4535e+00 4.1857e+00 3.0000e+00
3.9375e+00 7.8464e+00 3.0000e+00
1.1649e+01 1.0624e+00 2.0000e+00
8.8215e+00 -8.9693e-01 2.0000e+00
7.2896e-01 2.9426e+00 1.0000e+00
1.0145e+00 -2.3246e-01 1.0000e+00
1.1967e+01 -1.7123e-01 2.0000e+00
4.2816e+00 3.9075e+00 3.0000e+00
9.3166e+00 4.8582e-02 2.0000e+00
1.1921e+01 4.5168e-01 2.0000e+00
7.0962e+00 7.6441e-01 2.0000e+00
7.2857e+00 4.0666e+00 3.0000e+00
6.8189e+00 6.0583e+00 3.0000e+00
1.0082e+01 1.1869e+00 2.0000e+00
2.4420e+00 3.3910e+00 3.0000e+00
-7.4141e-01 -1.8912e+00 1.0000e+00
-1.9422e+00 6.2963e-01 1.0000e+00
1.1747e+01 2.3995e+00 2.0000e+00
-3.2037e+00 -1.7744e+00 1.0000e+00
8.5252e-01 1.3538e+00 1.0000e+00
2.3030e-01 -7.5830e-01 1.0000e+00
9.6880e+00 2.0982e+00 2.0000e+00
1.3042e+00 7.3835e+00 3.0000e+00
4.6118e+00 7.0085e+00 3.0000e+00
8.2073e+00 -3.9255e+00 2.0000e+00
1.3831e+00 1.3895e+00 1.0000e+00
9.9033e+00 -1.2162e+00 2.0000e+00
1.0309e+01 2.0831e+00 2.0000e+00
-2.7190e-01 2.2738e+00 1.0000e+00
3.0431e+00 3.6728e+00 3.0000e+00
-1.1973e+00 -2.2318e+00 1.0000e+00
6.7752e+00 3.4365e+00 3.0000e+00
1.3297e+01 -3.1000e+00 2.0000e+00
6.7150e+00 2.7058e+00 3.0000e+00
5.4234e-01 -1.6030e+00 1.0000e+00
6.7474e+00 -2.6964e-01 2.0000e+00
7.0342e+00 -2.6188e+00 2.0000e+00
9.9285e+00 6.7203e-01 2.0000e+00
5.3403e+00 4.1634e+00 3.0000e+00
-7.3011e-01 -3.5827e+00 1.0000e+00
-2.0653e+00 -8.7350e-01 1.0000e+00
1.0933e+01 -1.8879e-01 2.0000e+00
-4.3908e-01 -2.1681e+00 1.0000e+00
7.9809e-01 -5.5452e+00 1.0000e+00
1.7121e+00 7.2594e+00 3.0000e+00
1.1853e+01 1.1162e+00 2.0000e+00
3.0442e+00 3.4696e+00 3.0000e+00
8.3801e+00 8.8158e+00 3.0000e+00
1.5436e+00 1.6470e+00 1.0000e+00
1.5499e+00 4.1016e+00 3.0000e+00
1.0915e+01 1.9247e+00 2.0000e+00
-8.0635e-01 2.4449e+00 1.0000e+00
1.1332e+01 -5.0691e+00 2.0000e+00
1.0551e+01 -1.4168e+00 2.0000e+00
3.8700e+00 4.8698e-01 3.0000e+00
1.2235e+01 -3.1278e+00 2.0000e+00
8.0133e+00 4.0841e+00 2.0000e+00
1.2080e+01 3.2929e-01 2.0000e+00
6.1221e+00 4.8746e+00 3.0000e+00
-3.3624e+00 -1.7779e+00 1.0000e+00
4.8438e+00 5.5593e+00 3.0000e+00
-2.2098e-01 -3.3214e+00 1.0000e+00
7.8851e+00 -1.1120e+00 2.0000e+00
4.1655e-01 1.9533e+00 1.0000e+00
1.0385e+01 1.3929e+00 2.0000e+00
4.3704e+00 3.6821e+00 3.0000e+00
1.1934e+01 1.0161e+00 2.0000e+00
2.7149e+00 2.4275e+00 3.0000e+00
1.3372e+01 -3.2961e+00 2.0000e+00
3.0233e+00 7.7596e+00 3.0000e+00
1.0038e+01 -1.6407e-01 2.0000e+00
2.0699e-02 1.4401e+00 1.0000e+00
-2.6959e+00 -1.5231e+00 1.0000e+00
1.1085e+01 1.4319e+00 2.0000e+00
-3.6485e+00 6.0721e-01 1.0000e+00
1.0922e+01 -8.0197e-01 2.0000e+00
1.7137e+00 -1.3021e+00 1.0000e+00
6.8840e+00 -1.0141e+00 2.0000e+00
4.0835e+00 3.9863e+00 3.0000e+00
7.2705e+00 -4.3740e-02 2.0000e+00
9.9098e+00 1.5824e-01 2.0000e+00
3.0129e+00 4.6963e+00 3.0000e+00
8.2420e+00 3.0290e+00 3.0000e+00
1.2017e+01 1.0552e+00 2.0000e+00
1.5723e+00 1.1719e+00 3.0000e+00
-2.8899e+00 -2.4211e+00 1.0000e+00
1.2630e+01 -6.4691e-01 2.0000e+00
-2.0869e-01 -1.9760e+00 1.0000e+00
6.8350e+00 4.4872e+00 2.0000e+00
9.4142e+00 6.0684e+00 3.0000e+00
1.9214e+00 2.6581e+00 1.0000e+00
8.1749e+00 2.8420e+00 3.0000e+00
1.2443e+01 -3.8568e-01 2.0000e+00
-1.6263e+00 -3.4526e+00 1.0000e+00
8.0468e-01 -1.3696e+00 1.0000e+00
3.0656e+00 2.9387e+00 1.0000e+00
7.9703e+00 -1.2047e+00 2.0000e+00
4.2342e+00 2.7652e+00 3.0000e+00
-1.7416e+00 -1.1577e+00 1.0000e+00
1.1216e+01 2.2299e+00 2.0000e+00
9.2863e+00 1.0913e+00 2.0000e+00
1.0201e+01 1.0783e+00 2.0000e+00
1.0386e+01 2.5947e+00 2.0000e+00
4.3557e+00 6.5916e+00 3.0000e+00
-6.2177e-01 1.9480e-01 1.0000e+00
-8.4933e-01 -1.6599e+00 1.0000e+00
1.0581e+00 8.4526e-01 1.0000e+00
4.7615e+00 3.8971e+00 3.0000e+00
9.1650e+00 -2.1950e+00 2.0000e+00
1.1194e+01 -1.9746e+00 2.0000e+00
-2.3633e-01 -1.3604e+00 1.0000e+00
1.8861e+00 -5.4794e+00 1.0000e+00
5.2586e+00 3.7761e+00 3.0000e+00
9.2626e-01 5.5819e-01 1.0000e+00
1.1465e+01 -7.5044e-01 2.0000e+00
2.8809e-01 2.9085e+00 1.0000e+00
2.1628e+00 -1.2628e+00 1.0000e+00
7.7344e+00 3.3442e-01 3.0000e+00
2.9765e+00 3.7918e+00 1.0000e+00
5.8406e+00 2.9571e+00 3.0000e+00
1.2844e+01 9.1273e-01 2.0000e+00
9.6735e+00 -1.7291e-01 2.0000e+00
-4.4495e-01 -1.7178e+00 1.0000e+00
9.6636e+00 7.5582e-01 2.0000e+00
1.5465e+00 -2.3678e+00 1.0000e+00
4.4453e+00 2.3035e+00 2.0000e+00
-9.9606e-01 3.8591e+00 1.0000e+00
-8.2724e-01 -1.4949e+00 1.0000e+00
6.2554e+00 2.1835e+00 3.0000e+00
5.3428e+00 6.5521e+00 3.0000e+00
1.0987e+01 9.7403e-01 2.0000e+00
3.8009e+00 7.7053e+00 3.0000e+00
4.1202e+00 5.0061e+00 3.0000e+00
6.5756e+00 5.3479e+00 3.0000e+00
3.2552e+00 8.2513e+00 3.0000e+00
8.8543e+00 6.5944e+00 3.0000e+00
-1.8256e+00 2.2340e+00 1.0000e+00
3.6668e-01 3.3419e+00 1.0000e+00
1.1408e+01 -2.9914e+00 2.0000e+00
5.5506e+00 2.9473e+00 3.0000e+00
4.6964e-01 4.2643e+00 1.0000e+00
7.2391e+00 -1.0718e+00 2.0000e+00
4.5479e-01 -2.0335e+00 1.0000e+00
4.3230e+00 7.2130e+00 3.0000e+00
-1.0056e+00 4.8249e+00 1.0000e+00
4.3762e+00 6.1847e+00 3.0000e+00
-4.0084e+00 7.5375e-01 1.0000e+00
-2.2952e+00 -7.1623e-01 1.0000e+00
2.9933e+00 7.9879e+00 3.0000e+00
1.0044e+01 8.5078e-02 2.0000e+00
2.7291e+00 -1.3789e+00 1.0000e+00
3.2464e+00 6.6352e+00 3.0000e+00
-3.2604e+00 9.2556e-01 1.0000e+00
1.3934e+01 -3.9247e-01 2.0000e+00
3.1014e+00 8.6437e+00 3.0000e+00
7.9716e+00 5.4872e+00 3.0000e+00
-8.7031e-01 3.6985e+00 1.0000e+00
6.7016e+00 2.7971e+00 2.0000e+00
6.5018e+00 2.8217e+00 3.0000e+00
2.2146e+00 2.3811e+00 3.0000e+00
4.2598e+00 6.0069e+00 3.0000e+00
-4.4852e-01 -6.0450e-01 1.0000e+00
1.1971e+01 1.5338e+00 2.0000e+00
1.1676e+00 5.9058e+00 3.0000e+00
-2.5594e+00 -1.1709e+00 1.0000e+00
3.2963e+00 3.2846e-01 1.0000e+00
-1.8655e+00 -2.5261e+00 1.0000e+00
3.6658e+00 6.2680e+00 3.0000e+00
1.0020e+01 4.3966e+00 2.0000e+00
-1.5242e+00 -1.7756e+00 1.0000e+00
1.1759e+01 1.2708e+00 2.0000e+00
8.1283e-01 -3.8635e-01 1.0000e+00
1.0386e+01 -2.3140e+00 2.0000e+00
-4.0614e+00 4.1290e+00 1.0000e+00
1.8945e+00 -3.1002e-01 1.0000e+00
4.9867e+00 8.0546e+00 3.0000e+00
-7.7374e-01 -1.0206e+00 1.0000e+00
4.7079e+00 8.1320e+00 3.0000e+00
1.0175e+01 1.8775e+00 2.0000e+00
6.4972e+00 7.2459e+00 3.0000e+00
1.0828e+01 -1.0145e+00 2.0000e+00
1.0778e+01 2.3421e+00 2.0000e+00
9.0084e+00 2.4332e+00 2.0000e+00
5.8698e+00 4.2410e+00 3.0000e+00
7.8904e+00 8.3874e+00 3.0000e+00
1.8643e+00 4.3134e+00 3.0000e+00
1.0398e+01 3.9775e+00 2.0000e+00
3.8262e+00 5.6136e+00 3.0000e+00
-7.2320e-01 2.1292e+00 1.0000e+00
1.2592e+01 1.2329e+00 2.0000e+00
9.9684e+00 -9.8346e-01 2.0000e+00
1.2649e+01 -3.4440e-01 2.0000e+00
2.8977e+00 4.1133e+00 3.0000e+00
1.0862e+01 -2.9978e-01 2.0000e+00
7.7996e+00 2.4404e+00 3.0000e+00
1.0813e+01 2.4034e+00 2.0000e+00
6.4065e+00 5.7022e+00 3.0000e+00
5.6421e+00 -1.2593e+00 2.0000e+00
7.1544e+00 3.8446e+00 2.0000e+00
9.3854e+00 4.8385e+00 3.0000e+00
9.1526e+00 5.9272e+00 3.0000e+00
-2.3303e+00 1.8017e+00 1.0000e+00
5.6141e+00 3.6503e+00 3.0000e+00
1.2781e+01 -3.2827e+00 2.0000e+00
8.0462e+00 -1.1792e+00 2.0000e+00
8.8327e+00 3.2828e+00 3.0000e+00
1.1701e+01 -1.6782e+00 2.0000e+00
-3.8914e+00 -1.8256e+00 1.0000e+00
1.1205e+01 -1.1893e+00 2.0000e+00
6.4968e+00 6.6516e+00 3.0000e+00
1.3263e+01 7.5552e-01 2.0000e+00
2.8223e+00 1.5716e+00 1.0000e+00
9.0614e+00 1.7514e+00 2.0000e+00
2.2006e+00 2.5960e+00 1.0000e+00
2.4606e+00 2.4048e+00 1.0000e+00
2.5382e-01 8.0398e-01 1.0000e+00
3.5424e+00 1.0315e+00 3.0000e+00
-2.3583e+00 2.6029e+00 1.0000e+00
8.2623e+00 1.3128e+00 2.0000e+00
-2.2796e+00 1.5699e+00 1.0000e+00
6.5851e+00 5.9455e+00 3.0000e+00
1.1868e+01 -2.7830e+00 2.0000e+00
2.1927e+00 -4.6843e-01 1.0000e+00
2.3576e+00 -3.5985e-01 1.0000e+00
6.6358e+00 5.7148e+00 3.0000e+00
5.7699e+00 2.8107e+00 2.0000e+00
9.1426e+00 -1.2757e+00 2.0000e+00
6.7871e+00 -2.7461e+00 2.0000e+00
-2.0137e+00 3.3632e+00 1.0000e+00
9.3226e+00 4.0695e+00 2.0000e+00
1.0805e+01 -3.5518e+00 2.0000e+00
4.7527e+00 4.0331e+00 3.0000e+00
1.2031e+01 1.4021e+00 2.0000e+00
2.1000e-02 3.5717e+00 1.0000e+00
-1.8360e+00 5.0499e-01 1.0000e+00
1.0413e+01 1.0621e+00 2.0000e+00
1.0076e+01 1.0254e+00 2.0000e+00
6.8106e+00 7.4148e+00 3.0000e+00
9.7900e+00 2.7348e+00 2.0000e+00
8.3826e+00 -2.2082e+00 2.0000e+00
1.2073e+00 6.6327e+00 3.0000e+00
1.3328e+00 -9.2144e-01 1.0000e+00
2.6843e+00 5.3168e+00 3.0000e+00
-7.5029e-01 -2.4524e+00 1.0000e+00
6.0572e+00 3.8214e+00 3.0000e+00
5.7442e+00 7.2668e+00 3.0000e+00
1.0061e+01 -7.3767e-02 2.0000e+00
5.2344e+00 2.7790e+00 3.0000e+00
5.9158e+00 3.2121e+00 3.0000e+00
-3.2648e+00 -1.3427e-01 1.0000e+00
6.8382e+00 4.5232e+00 3.0000e+00
-1.3455e-01 -2.6368e+00 1.0000e+00
2.1564e+00 -5.1184e+00 1.0000e+00
2.3962e+00 2.1412e+00 3.0000e+00
6.4185e+00 8.6432e+00 3.0000e+00
6.7525e+00 9.2515e+00 3.0000e+00
3.3371e+00 4.6444e+00 3.0000e+00
6.6310e+00 1.6131e+00 2.0000e+00
4.2336e+00 -3.2218e+00 1.0000e+00
9.6801e+00 -1.6639e+00 2.0000e+00
5.6839e+00 2.6371e+00 2.0000e+00
1.0866e+00 8.7809e-01 1.0000e+00
-1.8950e+00 4.8889e-01 1.0000e+00
6.1424e+00 7.9385e+00 3.0000e+00
-2.6211e-01 2.2662e+00 1.0000e+00
-6.1698e-02 5.8386e+00 3.0000e+00
2.1684e+00 4.8625e+00 3.0000e+00
1.5950e+00 6.2454e+00 3.0000e+00
1.1636e+01 -5.5783e-01 2.0000e+00
1.3236e+01 -1.6488e+00 2.0000e+00
2.3318e+00 5.7832e+00 3.0000e+00
-1.0216e+00 -2.3613e+00 1.0000e+00
7.7162e+00 -2.6219e+00 2.0000e+00
1.2866e+00 -3.1412e+00 1.0000e+00
5.5337e+00 4.7401e+00 3.0000e+00
5.2385e+00 8.3966e+00 3.0000e+00
2.9787e+00 1.0426e+00 1.0000e+00
9.9014e+00 4.7807e-01 2.0000e+00
1.0478e+00 1.7684e-01 1.0000e+00
7.6314e+00 4.3457e+00 3.0000e+00
-1.5846e+00 -1.0632e+00 1.0000e+00
6.8311e+00 1.6889e+00 2.0000e+00
4.0305e+00 5.0850e+00 3.0000e+00
1.0172e+01 4.3818e+00 2.0000e+00
4.6555e+00 7.6690e+00 3.0000e+00
9.2400e+00 3.2116e+00 3.0000e+00
-1.1227e-01 -2.7701e-03 1.0000e+00
9.3324e+00 -4.0258e-02 2.0000e+00
1.0430e+01 -2.0127e+00 2.0000e+00
-4.5772e+00 5.0297e-01 1.0000e+00
1.0842e+01 4.9320e-01 2.0000e+00
3.5936e+00 7.3928e+00 3.0000e+00
4.6037e+00 4.1513e+00 3.0000e+00
8.4654e-01 5.8555e+00 3.0000e+00
2.4809e+00 2.8672e+00 3.0000e+00
5.1933e+00 5.5539e+00 3.0000e+00
-1.6267e+00 -2.9328e+00 1.0000e+00
8.7747e+00 -1.6457e+00 2.0000e+00
2.3225e+00 8.3237e+00 3.0000e+00
9.2544e+00 3.2656e+00 3.0000e+00
5.0984e+00 4.2901e+00 3.0000e+00
-4.4792e+00 8.0300e-01 1.0000e+00
-1.1071e-01 -5.2787e-01 1.0000e+00
5.7824e-01 8.2574e-01 1.0000e+00
2.1993e+00 1.3105e+00 1.0000e+00
1.2970e+01 -4.2478e+00 2.0000e+00
1.3875e+00 -3.1915e-01 1.0000e+00
-1.5773e+00 2.1893e+00 1.0000e+00
2.6330e+00 3.8618e+00 3.0000e+00
6.2763e+00 8.4498e+00 3.0000e+00
1.0595e+01 8.8045e-02 2.0000e+00
1.6012e+00 4.5158e+00 3.0000e+00
1.0997e+01 -1.4759e+00 2.0000e+00
-1.4581e+00 3.9311e-01 1.0000e+00
4.0403e+00 8.0751e+00 3.0000e+00
1.9451e+00 4.2677e+00 1.0000e+00
7.9534e+00 2.1110e+00 3.0000e+00
1.2685e+01 -1.4799e+00 2.0000e+00
3.0743e+00 3.8605e+00 3.0000e+00
8.2895e+00 2.5144e+00 2.0000e+00
4.9664e+00 4.7464e+00 3.0000e+00
-5.3601e-01 1.6049e+00 1.0000e+00
7.4318e+00 6.6531e+00 3.0000e+00
-1.0432e+00 -2.3694e+00 1.0000e+00
1.3809e+00 1.5933e+00 1.0000e+00
4.3265e+00 2.6731e+00 1.0000e+00
1.3733e+01 1.5149e+00 2.0000e+00
2.2887e+00 4.8198e+00 3.0000e+00
2.9332e+00 1.7051e+00 1.0000e+00
-3.1009e+00 8.3464e-01 1.0000e+00
9.1554e+00 2.0943e-01 2.0000e+00
1.0197e+01 7.6283e-01 2.0000e+00
1.0493e+01 1.2160e+00 2.0000e+00
2.0423e+00 3.9976e+00 3.0000e+00
4.0108e+00 1.7619e+00 2.0000e+00
1.1529e+01 -5.3675e-01 2.0000e+00
1.0198e+01 3.1526e+00 2.0000e+00
4.9991e+00 5.8366e+00 3.0000e+00
-4.3390e-01 8.9079e-01 1.0000e+00
1.2207e+01 8.0106e-01 2.0000e+00
1.3616e+01 8.7328e-01 2.0000e+00
5.9347e-01 1.6600e+00 1.0000e+00
-2.5056e+00 1.5550e+00 1.0000e+00
8.4753e+00 -2.8939e+00 2.0000e+00
7.9644e+00 4.2353e+00 3.0000e+00
-2.8481e+00 -9.8664e-01 1.0000e+00
1.8417e+00 6.3746e-01 1.0000e+00
7.3032e+00 2.5300e+00 2.0000e+00
1.1541e+01 -2.6088e-01 2.0000e+00
1.7517e+00 -2.3021e-01 1.0000e+00
-7.3836e-01 -4.7876e-01 1.0000e+00
1.0035e+01 6.4725e-01 2.0000e+00
2.7622e+00 1.4317e+00 3.0000e+00
-1.7131e+00 -3.0832e+00 1.0000e+00
4.9013e+00 8.6190e+00 3.0000e+00
5.6614e+00 6.8841e+00 3.0000e+00
1.0711e+01 -9.5457e-01 2.0000e+00
1.7611e+00 1.4831e+00 3.0000e+00
9.8298e+00 -1.1286e+00 2.0000e+00
1.8637e+00 6.7993e-01 1.0000e+00
-2.6685e+00 -2.6934e+00 1.0000e+00
7.7810e+00 -1.0950e+00 2.0000e+00
7.7429e+00 6.4900e+00 3.0000e+00
1.0570e+01 -6.1876e-01 2.0000e+00
2.0785e+00 2.8235e+00 3.0000e+00
6.3399e+00 -1.3917e+00 2.0000e+00
5.6598e+00 2.5431e+00 3.0000e+00
-2.0905e+00 2.4223e+00 1.0000e+00
1.1665e+01 6.5413e-01 2.0000e+00
1.2197e+01 -2.7568e-01 2.0000e+00
1.8608e+00 -3.5063e-01 1.0000e+00
-1.8889e+00 -8.2010e-01 1.0000e+00
5.7022e+00 5.8338e+00 3.0000e+00
9.9610e-01 -5.2384e-02 1.0000e+00
1.4902e+01 -4.2241e-01 2.0000e+00
7.2690e+00 8.2206e+00 3.0000e+00
-1.7909e+00 7.7380e-01 1.0000e+00
-1.9691e-01 -1.3270e+00 1.0000e+00
1.0808e+01 3.8734e+00 2.0000e+00
4.7235e+00 6.1291e+00 3.0000e+00
1.3969e+00 7.5418e-03 1.0000e+00
-1.9695e+00 6.4410e+00 3.0000e+00
-2.2949e+00 -8.7564e-01 1.0000e+00
4.8880e+00 3.1136e+00 3.0000e+00
1.1872e+01 1.3568e+00 2.0000e+00
5.9041e+00 6.1277e+00 3.0000e+00
1.1920e+01 -8.3300e-01 2.0000e+00
6.9035e+00 1.0639e+00 2.0000e+00
3.5791e+00 6.9070e+00 3.0000e+00
1.0894e+01 -1.2322e+00 2.0000e+00
-1.5398e+00 1.0785e+00 1.0000e+00
7.4083e+00 4.4973e+00 3.0000e+00
2.5442e+00 6.2804e+00 3.0000e+00
6.5144e+00 4.9286e+00 3.0000e+00
5.6827e+00 7.2901e+00 3.0000e+00
1.1082e+01 -3.6362e+00 2.0000e+00
4.4806e+00 6.6299e+00 3.0000e+00
8.8255e+00 8.1627e+00 3.0000e+00
-1.4895e+00 -1.6529e+00 1.0000e+00
5.7381e-01 -4.6412e+00 1.0000e+00
1.3446e+00 8.1492e-01 1.0000e+00
-1.7052e+00 4.5920e-02 1.0000e+00
5.9762e+00 1.1794e+00 2.0000e+00
1.0135e+01 1.5552e+00 2.0000e+00
3.2864e+00 7.8655e+00 3.0000e+00
4.5508e+00 5.2740e+00 3.0000e+00
1.1398e+01 -5.9752e-01 2.0000e+00
-1.7375e-01 3.1160e+00 3.0000e+00
5.0587e+00 4.7443e+00 3.0000e+00
1.3529e+00 -7.6402e-01 1.0000e+00
9.4881e+00 -6.9609e-01 2.0000e+00
-1.4934e-01 5.1743e-01 1.0000e+00
5.1429e+00 1.4059e+00 3.0000e+00
6.5622e+00 6.1664e+00 3.0000e+00
3.8402e+00 4.3663e+00 3.0000e+00
1.3796e+00 2.6037e+00 1.0000e+00
7.3738e+00 2.3505e+00 3.0000e+00
-1.3354e+00 6.5393e-01 1.0000e+00
1.9353e+00 5.6944e+00 3.0000e+00
1.3321e+01 -2.8332e+00 2.0000e+00
9.3990e+00 -7.1006e-01 2.0000e+00
3.3017e+00 4.4393e+00 3.0000e+00
5.9125e+00 1.3552e+00 3.0000e+00
-2.6021e-01 1.8791e-01 1.0000e+00
2.5232e+00 5.5254e+00 3.0000e+00
1.8735e+00 2.8247e+00 1.0000e+00
1.1982e+01 -3.7342e-01 2.0000e+00
9.5834e+00 3.1487e+00 2.0000e+00
1.0003e+01 -1.5334e+00 2.0000e+00
6.4267e+00 5.7603e+00 3.0000e+00
-1.6350e+00 -2.8027e+00 1.0000e+00
9.1025e+00 -3.4884e+00 2.0000e+00
4.5825e+00 2.4427e+00 3.0000e+00
-2.6576e-01 -5.9558e-01 1.0000e+00
5.4634e+00 6.3049e+00 3.0000e+00
3.9672e+00 3.5991e+00 3.0000e+00
2.2572e+00 9.9200e-01 1.0000e+00
-2.3553e+00 -2.2804e+00 1.0000e+00
1.0886e+01 4.3679e-01 2.0000e+00
1.0678e+01 -1.1793e+00 2.0000e+00
1.2420e+01 -2.8122e+00 2.0000e+00
-5.3547e-01 -2.2560e+00 1.0000e+00
9.3132e-01 -3.0725e+00 1.0000e+00
1.2042e+01 1.4174e+00 2.0000e+00
-1.3354e+00 3.3638e+00 1.0000e+00
1.1550e+01 8.6568e-01 2.0000e+00
-1.9710e+00 -2.9437e+00 1.0000e+00
2.0436e+00 -1.1051e+00 1.0000e+00
4.5372e+00 3.7404e+00 3.0000e+00
4.6078e+00 -2.1200e+00 1.0000e+00
-3.3765e+00 -2.2493e-01 1.0000e+00
-6.1823e-01 -4.6693e-01 1.0000e+00
4.0747e+00 2.5472e+00 3.0000e+00
5.0369e+00 2.2680e+00 3.0000e+00
5.2133e+00 1.0227e+01 3.0000e+00
3.7609e+00 8.3530e+00 3.0000e+00
-2.4509e+00 1.6887e+00 1.0000e+00
8.4218e+00 2.4969e-03 2.0000e+00
1.5428e+00 2.0589e+00 1.0000e+00
4.4270e+00 6.9178e+00 3.0000e+00
1.0639e+01 -2.7556e-01 2.0000e+00
7.7328e+00 1.9935e+00 2.0000e+00
8.1522e+00 2.8243e+00 2.0000e+00
5.3560e+00 2.7905e+00 3.0000e+00
5.1625e+00 4.5397e+00 3.0000e+00
8.3245e+00 5.0957e+00 3.0000e+00
1.5241e+01 -1.4949e+00 2.0000e+00
-1.2686e+00 -7.2548e-01 1.0000e+00
7.5285e-01 -2.1988e+00 1.0000e+00
-3.4125e+00 3.9016e+00 1.0000e+00
1.0110e+01 5.9795e-01 2.0000e+00
1.0676e+01 1.3036e+00 2.0000e+00
6.3231e+00 3.9351e+00 3.0000e+00
5.5186e-01 1.5552e+00 3.0000e+00
1.0781e+01 3.1771e+00 2.0000e+00
-5.5134e-01 -1.4195e+00 1.0000e+00
1.0225e+01 1.3145e+00 2.0000e+00
1.0264e+01 -3.9611e+00 2.0000e+00
3.2163e+00 6.0495e+00 3.0000e+00
1.1753e+01 -3.6538e+00 2.0000e+00
4.5116e-01 2.7783e+00 1.0000e+00
9.5214e+00 -4.9359e-01 2.0000e+00
1.0080e+01 -6.5551e-01 2.0000e+00
7.8413e+00 -2.2845e-01 2.0000e+00
-8.1261e-01 -1.7281e+00 1.0000e+00
5.3799e+00 5.2031e+00 3.0000e+00
5.6423e+00 4.9936e+00 3.0000e+00
-8.4343e-02 -5.7377e-01 1.0000e+00
1.5072e+00 7.2497e+00 3.0000e+00
3.5404e+00 1.7377e+00 3.0000e+00
8.4514e+00 -5.3878e-01 2.0000e+00
4.0281e+00 -6.1353e-01 1.0000e+00
1.2314e+00 5.6776e+00 3.0000e+00
4.7663e+00 1.8890e+00 1.0000e+00
7.3646e+00 1.0820e+00 2.0000e+00
7.6373e+00 6.8708e+00 3.0000e+00
-1.6966e+00 -6.5134e-01 1.0000e+00
-1.0914e+00 -3.7692e+00 1.0000e+00
7.0947e+00 6.7225e+00 3.0000e+00
7.9140e+00 5.2874e+00 3.0000e+00
-1.0814e+00 2.5479e+00 3.0000e+00
1.0482e+01 2.2556e+00 2.0000e+00
1.1663e+01 9.7595e-01 2.0000e+00
3.4095e+00 7.5222e+00 3.0000e+00
3.8459e+00 2.9610e+00 1.0000e+00
6.6626e+00 5.4704e+00 3.0000e+00
4.4944e+00 9.3062e+00 3.0000e+00
1.2291e+01 6.9299e-01 2.0000e+00
-2.9715e-02 1.6428e+00 1.0000e+00
4.1216e+00 4.2481e+00 3.0000e+00
8.0638e+00 9.5414e-01 2.0000e+00
9.6223e-01 5.5187e+00 1.0000e+00
-1.2749e+00 -7.9454e-01 1.0000e+00
-3.6861e+00 -9.5595e-01 1.0000e+00
9.9403e+00 -2.3634e-01 2.0000e+00
-1.7179e+00 -1.7979e+00 1.0000e+00
3.6933e+00 5.8175e+00 3.0000e+00
3.9959e+00 6.0978e+00 3.0000e+00
7.6337e+00 -1.5451e-01 3.0000e+00
-7.3110e-01 1.8762e+00 1.0000e+00
6.6115e-01 1.8985e+00 1.0000e+00
3.0168e+00 6.9639e+00 3.0000e+00
8.8037e+00 -3.0401e+00 2.0000e+00
-1.4392e+00 -1.6260e+00 1.0000e+00
-1.4994e+00 6.5617e-02 1.0000e+00
3.3558e+00 3.5824e+00 3.0000e+00
3.4887e+00 4.0760e+00 3.0000e+00
3.2454e+00 4.2496e+00 3.0000e+00
4.8943e+00 6.4851e+00 3.0000e+00
9.0883e+00 2.8523e+00 2.0000e+00
1.1214e+01 -2.0963e+00 2.0000e+00
9.8538e+00 -2.5948e+00 2.0000e+00
6.1172e+00 2.2749e+00 3.0000e+00
3.4654e+00 1.3690e+00 1.0000e+00
8.4816e+00 6.9767e+00 3.0000e+00
3.5193e+00 1.4724e+00 3.0000e+00
2.2533e+00 -2.1599e+00 1.0000e+00
3.0989e-01 7.5633e-01 1.0000e+00
-6.9490e-01 -1.1625e+00 1.0000e+00
9.8765e+00 -8.9367e-01 2.0000e+00
7.1071e+00 5.1640e-01 3.0000e+00
4.9182e+00 4.8117e+00 3.0000e+00
1.1005e+01 -1.7245e+00 2.0000e+00
9.3677e-01 3.4718e+00 1.0000e+00
-1.1386e+00 5.3981e-01 1.0000e+00
-7.7465e-01 -6.0461e-01 1.0000e+00
6.9354e+00 7.8489e+00 3.0000e+00
5.3110e+00 3.0822e+00 3.0000e+00
3.7351e+00 1.8121e+00 1.0000e+00
-3.0439e-01 1.9103e+00 3.0000e+00
-2.2088e+00 1.0433e-01 1.0000e+00
4.5395e+00 -2.9087e+00 1.0000e+00
8.5183e+00 -1.2166e+00 2.0000e+00
5.8300e+00 2.7867e+00 3.0000e+00
1.1355e+01 1.0364e-01 2.0000e+00
2.3084e+00 3.4501e-01 1.0000e+00
-9.9220e-01 -1.4961e-01 1.0000e+00
-4.6846e-02 2.1584e+00 1.0000e+00
1.3481e+01 -5.8697e-01 2.0000e+00
8.8773e-01 6.6735e-01 1.0000e+00
-1.9210e+00 -1.5862e+00 1.0000e+00
7.9137e+00 -1.7142e+00 2.0000e+00
-6.2395e-01 -1.6806e+00 1.0000e+00
1.5361e+01 -4.0162e-01 2.0000e+00
6.5668e+00 6.5578e+00 3.0000e+00
1.0579e+00 4.9230e-01 1.0000e+00
1.1718e+01 -1.6193e+00 2.0000e+00
7.7908e+00 -6.1873e-02 2.0000e+00
2.7493e+00 2.0742e-01 3.0000e+00
-1.4094e+00 1.8865e+00 1.0000e+00
1.8988e+00 1.7510e-01 1.0000e+00
1.0302e+01 -5.1094e-01 2.0000e+00
-1.5314e+00 1.1116e+00 1.0000e+00
1.7252e+00 -5.3112e+00 1.0000e+00
1.1026e+01 -6.5264e-01 2.0000e+00
6.7613e+00 -1.0221e+00 2.0000e+00
-3.2653e+00 -3.1355e+00 1.0000e+00
9.1936e+00 1.8988e+00 2.0000e+00
5.5346e+00 3.6407e+00 3.0000e+00
8.3490e+00 6.2640e+00 3.0000e+00
8.7499e+00 -7.8079e-01 2.0000e+00
1.2090e+01 1.1981e+00 2.0000e+00
8.9548e+00 2.0860e+00 2.0000e+00
7.2098e+00 3.8509e+00 3.0000e+00
1.3988e+00 -2.1224e+00 1.0000e+00
9.0395e+00 -1.0465e+00 2.0000e+00
1.1834e+01 -1.1409e-01 2.0000e+00
-2.5410e+00 1.9388e+00 1.0000e+00
2.2484e+00 3.8665e+00 3.0000e+00
-7.8478e-01 -6.0923e+00 1.0000e+00
9.1969e+00 -9.3695e-01 2.0000e+00
8.5383e+00 -3.2834e+00 2.0000e+00
4.1222e+00 2.5577e+00 3.0000e+00
6.6404e+00 9.4987e+00 3.0000e+00
7.9883e+00 4.7316e+00 3.0000e+00
1.0197e+01 3.9436e-01 2.0000e+00
1.0383e+01 1.7610e+00 2.0000e+00
6.3845e+00 8.0891e-01 3.0000e+00
3.2786e-01 1.9264e-01 1.0000e+00
7.7955e+00 -4.9099e-02 2.0000e+00
-2.5974e+00 2.5522e+00 1.0000e+00
1.1555e+01 -5.8208e-01 2.0000e+00
1.2696e+01 1.8154e+00 2.0000e+00
1.2235e+01 -1.0378e+00 2.0000e+00
-2.0004e+00 -3.0895e+00 1.0000e+00
-1.5988e+00 4.8158e-01 1.0000e+00
-1.0654e+00 2.1815e+00 1.0000e+00
7.0195e+00 2.9923e+00 2.0000e+00
1.1704e+00 6.3706e+00 3.0000e+00
-1.0193e+00 -8.7615e-01 1.0000e+00
1.1073e+01 8.0939e-01 2.0000e+00
1.5221e+00 2.4335e-01 1.0000e+00
1.1112e+01 1.7849e+00 2.0000e+00
7.1599e+00 8.1810e+00 3.0000e+00
3.7895e+00 5.2046e+00 3.0000e+00
1.0836e+01 -8.0037e-02 2.0000e+00
1.0038e+01 -1.1876e+00 2.0000e+00
1.5454e+00 -3.3232e+00 1.0000e+00
6.8728e+00 9.3847e+00 3.0000e+00
7.4466e+00 2.5532e+00 3.0000e+00
4.5801e+00 6.0888e+00 3.0000e+00
8.2846e+00 2.7091e-01 2.0000e+00
9.0650e+00 -1.7250e+00 2.0000e+00
9.0651e+00 -1.7203e+00 2.0000e+00
8.7923e+00 -2.2991e+00 2.0000e+00
8.1544e+00 -2.9027e+00 2.0000e+00
4.2518e+00 3.0333e+00 3.0000e+00
5.1920e+00 3.8955e+00 3.0000e+00
4.3292e+00 6.9577e+00 3.0000e+00
1.1508e+01 2.1306e+00 2.0000e+00
1.0321e+01 -1.9053e+00 2.0000e+00
-2.0361e+00 -1.5571e-01 1.0000e+00
6.1329e+00 3.6087e+00 3.0000e+00
2.7128e+00 2.4270e+00 3.0000e+00
8.0577e+00 2.8526e+00 2.0000e+00
-3.0816e+00 1.2652e-01 1.0000e+00
7.9188e+00 -6.3121e-01 2.0000e+00
9.3881e+00 -8.7695e-01 2.0000e+00
9.6899e+00 1.3212e-01 2.0000e+00
1.0225e+01 -1.3111e+00 2.0000e+00
-9.3773e-01 -4.4029e+00 1.0000e+00
4.7088e+00 4.5764e+00 3.0000e+00
-1.8382e+00 3.8551e-01 1.0000e+00
1.0135e+01 3.2676e-02 2.0000e+00
9.0847e+00 7.4362e-01 2.0000e+00
1.8810e+00 6.7789e+00 3.0000e+00
1.2863e+01 2.9244e+00 2.0000e+00
-1.0150e+00 -2.1038e+00 1.0000e+00
5.7269e-01 1.2177e+00 1.0000e+00
8.9781e+00 1.5495e+00 2.0000e+00
1.0315e-01 1.7346e+00 1.0000e+00
2.7705e+00 -6.0620e-01 1.0000e+00
1.0480e+01 3.1792e-01 2.0000e+00
3.4777e+00 1.9888e+00 1.0000e+00
-1.5157e+00 -1.0017e-01 1.0000e+00
7.4173e+00 8.5158e+00 3.0000e+00
7.4804e+00 5.7241e-02 2.0000e+00
1.0313e+01 -4.3269e-01 2.0000e+00
4.0933e+00 5.9703e+00 3.0000e+00
2.1792e+00 6.1493e+00 3.0000e+00
-2.6740e-01 2.1555e+00 1.0000e+00
5.2367e+00 3.0758e+00 3.0000e+00
2.7231e+00 3.5363e+00 3.0000e+00
2.5302e+00 4.2299e-01 1.0000e+00
-2.8438e+00 3.9959e+00 1.0000e+00
1.1439e+01 -4.9684e-01 2.0000e+00
5.3042e+00 3.1255e+00 3.0000e+00
1.2785e+01 2.0752e+00 2.0000e+00
5.2830e+00 6.7732e+00 3.0000e+00
1.8818e+00 8.1041e-01 1.0000e+00
9.0498e-01 1.9579e-01 1.0000e+00
4.3729e+00 2.3608e+00 3.0000e+00
2.8391e-01 -6.3866e-01 1.0000e+00
6.5430e-01 6.1366e+00 3.0000e+00
3.3467e+00 4.1593e+00 3.0000e+00
8.5874e+00 5.4653e+00 3.0000e+00
8.6801e+00 4.2603e-01 2.0000e+00
6.9807e+00 -5.5478e-01 2.0000e+00
1.3411e+00 -1.4150e+00 1.0000e+00
5.2502e+00 3.4891e+00 3.0000e+00
5.5368e+00 5.2240e+00 3.0000e+00
9.4000e+00 6.0011e+00 3.0000e+00
1.2711e+01 -7.9630e-01 2.0000e+00
3.9118e+00 7.8019e-01 1.0000e+00
8.4394e+00 5.4223e-01 2.0000e+00
1.0055e+01 4.4640e+00 2.0000e+00
1.5108e+00 1.7348e+00 1.0000e+00
3.3472e+00 4.8687e+00 3.0000e+00
6.0411e+00 3.0498e+00 3.0000e+00
1.1532e+00 -4.1660e-01 1.0000e+00
2.5540e+00 5.4602e+00 3.0000e+00
-7.9046e-01 -2.3188e+00 1.0000e+00
1.0434e+01 1.5642e-01 2.0000e+00
8.8690e+00 9.5206e-01 2.0000e+00
5.3924e+00 -1.4785e-01 1.0000e+00
8.0857e+00 -2.6968e+00 2.0000e+00
3.2711e+00 1.6684e+00 3.0000e+00
1.0912e+01 -7.1516e-01 2.0000e+00
1.6253e+00 1.1745e+00 1.0000e+00
5.1992e+00 4.7112e+00 3.0000e+00
5.2249e+00 2.8647e+00 3.0000e+00
3.8266e+00 1.9024e+00 3.0000e+00
1.3549e+01 -7.8631e-01 2.0000e+00
9.2694e+00 8.7205e+00 3.0000e+00
7.3718e+00 3.0767e+00 3.0000e+00
1.2803e+01 3.1687e-01 2.0000e+00
2.0609e+00 -4.0946e+00 1.0000e+00
6.5692e+00 5.1639e+00 3.0000e+00
-1.3201e+00 3.5164e-01 1.0000e+00
8.4545e+00 1.7641e+00 2.0000e+00
7.7220e+00 -2.4288e+00 2.0000e+00
2.8027e+00 -8.2076e-01 1.0000e+00
2.6637e+00 6.7663e+00 3.0000e+00
-2.3777e+00 -1.0136e+00 1.0000e+00
-2.8119e+00 -1.1801e+00 1.0000e+00
1.0173e+01 2.8385e+00 2.0000e+00
4.0402e+00 -5.8531e-02 3.0000e+00
5.9946e+00 7.2861e+00 3.0000e+00
7.5312e+00 3.7456e+00 3.0000e+00
8.6966e+00 3.4363e+00 3.0000e+00
-4.8404e-01 3.0365e+00 1.0000e+00
4.3906e+00 6.6491e+00 3.0000e+00
-4.0328e+00 -1.0789e+00 1.0000e+00
6.9298e+00 3.6814e+00 3.0000e+00
-1.1086e+00 -9.4128e-01 1.0000e+00
7.4162e+00 1.4051e+00 3.0000e+00
1.0415e+01 6.1547e-01 2.0000e+00
1.2560e+01 -1.7719e+00 2.0000e+00
7.4165e-01 2.8412e-01 1.0000e+00
-2.0599e+00 -6.9989e-01 1.0000e+00
9.0756e-01 -3.6595e+00 1.0000e+00
8.0016e+00 5.4424e+00 3.0000e+00
6.2767e+00 7.3977e+00 3.0000e+00
7.3934e+00 3.3900e+00 3.0000e+00
1.1080e+01 4.5809e+00 2.0000e+00
5.6957e+00 2.5887e+00 3.0000e+00
9.6342e+00 1.7925e+00 2.0000e+00
6.8258e+00 5.0053e+00 3.0000e+00
1.0510e+01 5.4334e+00 3.0000e+00
6.5394e+00 1.1775e+00 2.0000e+00
-5.1656e+00 -2.3079e+00 1.0000e+00
-7.6693e-01 2.9037e+00 3.0000e+00
-2.4532e+00 1.9349e+00 1.0000e+00
-7.0799e-01 -2.7499e+00 1.0000e+00
3.7115e+00 6.2849e+00 3.0000e+00
1.3523e+01 1.5082e+00 2.0000e+00
6.6883e+00 1.8773e+00 3.0000e+00
9.8759e+00 2.5183e+00 2.0000e+00
5.4102e+00 5.6438e+00 3.0000e+00
9.8767e+00 -2.8655e+00 2.0000e+00
8.0338e+00 -1.7966e+00 2.0000e+00
3.6992e+00 -4.2833e-01 1.0000e+00
1.1077e+01 -2.8489e-01 2.0000e+00
1.1800e+01 3.6045e+00 2.0000e+00
3.4592e+00 3.7744e+00 3.0000e+00
-1.2325e-01 -2.1461e-01 1.0000e+00
7.4648e+00 3.4413e+00 3.0000e+00
5.8906e+00 2.1920e+00 3.0000e+00
6.0437e+00 5.3602e+00 3.0000e+00
-9.1408e-02 4.4102e-01 1.0000e+00
8.0187e+00 -2.0053e+00 2.0000e+00
2.9264e+00 6.9864e+00 3.0000e+00
9.1517e-02 -3.7437e-01 1.0000e+00
2.6811e+00 2.5115e+00 3.0000e+00
8.3296e+00 -1.8935e+00 2.0000e+00
9.7559e-01 2.5298e+00 3.0000e+00
-1.3680e+00 3.3191e+00 1.0000e+00
2.5446e+00 6.1455e+00 3.0000e+00
8.7954e+00 3.7330e+00 3.0000e+00
1.7270e+00 -1.6095e+00 1.0000e+00
7.1901e-01 -2.8913e-01 1.0000e+00
5.9947e+00 4.9916e+00 3.0000e+00
9.4220e+00 -3.9973e+00 2.0000e+00
-4.5111e+00 -2.0450e+00 1.0000e+00
-3.7011e-01 -1.6153e+00 1.0000e+00
-9.5931e-01 1.2407e+00 1.0000e+00
-2.1093e+00 1.6405e+00 1.0000e+00
8.3728e+00 -1.0433e+00 2.0000e+00
1.8729e+00 -7.0190e-02 1.0000e+00
-1.9119e+00 -6.9196e-01 1.0000e+00
3.8662e+00 5.0375e-01 3.0000e+00
5.0497e+00 6.2152e+00 3.0000e+00
5.9255e+00 4.5544e+00 3.0000e+00
9.2042e+00 1.5652e+00 2.0000e+00
1.8093e+00 2.9147e+00 3.0000e+00
1.1461e+01 2.2092e+00 2.0000e+00
2.3047e+00 2.1592e+00 1.0000e+00
-1.4098e+00 1.3599e+00 1.0000e+00
4.4769e-01 6.5925e-01 1.0000e+00
6.7842e+00 3.0169e+00 3.0000e+00
-9.3369e-01 -2.8338e+00 1.0000e+00
1.1618e+01 -2.3962e+00 2.0000e+00
6.3430e+00 4.9704e+00 3.0000e+00
6.1666e-01 -2.7562e+00 1.0000e+00
4.5417e+00 4.6109e+00 3.0000e+00
-6.2311e-01 1.1233e-01 1.0000e+00
1.8728e+00 -1.0513e+00 1.0000e+00
4.4520e+00 3.2588e+00 3.0000e+00
8.4073e+00 4.8719e+00 3.0000e+00
1.0263e+01 -2.8111e+00 2.0000e+00
3.6112e+00 8.8786e+00 3.0000e+00
3.2808e+00 2.3858e+00 3.0000e+00
7.2539e+00 -2.1355e+00 2.0000e+00
-2.7196e+00 -8.2802e-02 1.0000e+00
6.2901e+00 6.8299e+00 3.0000e+00
5.9381e+00 7.0671e+00 3.0000e+00
2.8746e+00 3.9625e+00 3.0000e+00
4.6039e+00 3.0083e+00 3.0000e+00
1.6452e+00 3.1698e+00 3.0000e+00
1.1463e+01 -1.3098e-01 2.0000e+00
8.7141e+00 3.0023e-01 2.0000e+00
7.8699e+00 6.3370e+00 3.0000e+00
5.5985e-01 -1.9630e-01 1.0000e+00
7.9765e+00 1.6994e-01 2.0000e+00
9.7435e+00 -5.4354e-01 2.0000e+00
-2.6290e-01 2.7524e+00 3.0000e+00
7.9533e-02 -3.1340e+00 1.0000e+00
1.0836e+01 -2.4804e+00 2.0000e+00
1.4342e+01 1.3241e+00 2.0000e+00
4.8773e+00 6.1685e+00 3.0000e+00
1.1245e+01 -1.2624e+00 2.0000e+00
1.8551e+00 4.6091e+00 3.0000e+00
6.1461e+00 4.1970e+00 3.0000e+00
6.8310e+00 5.3142e+00 3.0000e+00
7.9894e+00 2.0281e-01 2.0000e+00
1.0845e+01 1.0950e+00 2.0000e+00
4.0827e+00 8.0907e+00 3.0000e+00
3.5248e+00 6.0599e+00 3.0000e+00
7.0141e+00 6.9932e+00 3.0000e+00
3.5281e+00 8.0031e-01 1.0000e+00
4.5794e+00 2.6840e+00 3.0000e+00
5.4459e+00 9.3509e+00 3.0000e+00
-2.1415e+00 2.1089e+00 1.0000e+00
7.0563e-01 -3.0555e-01 1.0000e+00
8.2795e+00 6.5660e-01 2.0000e+00
9.6325e+00 1.6492e+00 2.0000e+00
6.3837e+00 8.2267e-01 2.0000e+00
1.3158e+01 -1.5910e+00 2.0000e+00
1.0420e+01 -2.4812e+00 2.0000e+00
3.3750e+00 4.5144e+00 3.0000e+00
1.1770e+01 2.9475e+00 2.0000e+00
5.5920e+00 1.2840e+00 3.0000e+00
6.5535e+00 3.5951e+00 2.0000e+00
1.6342e+01 3.7900e-01 2.0000e+00
1.2102e+00 1.7911e+00 1.0000e+00
-2.2291e-02 2.2998e-02 1.0000e+00
5.1032e+00 2.8570e+00 3.0000e+00
2.9582e+00 4.6010e+00 3.0000e+00
9.0205e+00 -5.5859e-01 2.0000e+00
9.1974e+00 -6.3331e-01 2.0000e+00
3.9236e+00 8.1239e+00 3.0000e+00
4.5122e-01 8.9942e-01 1.0000e+00
-4.0579e-01 -2.1977e-01 1.0000e+00
9.2237e+00 -1.1986e-01 2.0000e+00
-1.8603e+00 -3.5718e-01 1.0000e+00
9.0260e+00 2.3277e+00 3.0000e+00
6.2411e+00 6.4667e+00 3.0000e+00
1.0332e+01 2.6583e+00 2.0000e+00
9.1391e+00 2.2988e+00 2.0000e+00
2.9878e+00 6.0780e+00 3.0000e+00
9.8794e+00 5.5616e-01 2.0000e+00
2.9882e+00 -4.1032e-01 1.0000e+00
-2.2108e-01 2.0403e+00 1.0000e+00
1.9524e+00 3.2296e+00 3.0000e+00
2.1013e+00 4.7920e+00 3.0000e+00
1.8814e+00 5.8344e+00 3.0000e+00
6.7905e+00 2.9174e+00 2.0000e+00
6.5733e+00 7.0776e+00 3.0000e+00
2.4497e+00 1.2971e-01 1.0000e+00
1.0870e+01 1.0802e+00 2.0000e+00
9.5993e+00 -3.4281e+00 2.0000e+00
1.1773e+01 -5.4426e-01 2.0000e+00
-3.4041e-02 7.5830e-01 1.0000e+00
-1.8780e+00 2.0340e+00 1.0000e+00
1.0379e+01 3.4051e+00 2.0000e+00
-2.6382e-01 8.0952e-01 1.0000e+00
4.9699e+00 6.8235e+00 3.0000e+00
1.0933e+01 3.4297e+00 2.0000e+00
1.0323e+01 3.1268e+00 2.0000e+00
5.9181e+00 6.0755e+00 3.0000e+00
6.4057e+00 -1.6045e+00 2.0000e+00
8.8318e+00 6.7021e-01 2.0000e+00
6.9818e+00 4.8764e+00 3.0000e+00
9.0918e+00 1.7190e-01 2.0000e+00
5.9104e+00 3.5945e+00 3.0000e+00
4.0715e+00 3.4936e+00 3.0000e+00
7.6455e+00 6.6075e+00 3.0000e+00
9.3233e-01 -7.4048e-01 1.0000e+00
9.8990e-02 9.8767e-01 1.0000e+00
1.1651e+01 -5.9665e-01 2.0000e+00
8.5521e+00 -2.2393e+00 2.0000e+00
8.4773e+00 6.3714e+00 3.0000e+00
-7.0686e-01 -3.2329e+00 1.0000e+00
1.1247e+01 1.7813e+00 2.0000e+00
8.2084e+00 1.0967e+00 2.0000e+00
-2.4359e+00 -6.0993e-01 1.0000e+00
6.0200e+00 2.8872e+00 3.0000e+00
1.0871e+01 -1.1984e+00 2.0000e+00
4.2385e+00 2.0859e+00 3.0000e+00
-1.5653e+00 -2.2078e-01 1.0000e+00
1.0037e+01 2.1086e+00 2.0000e+00
1.5727e+00 -9.3284e-01 1.0000e+00
4.7125e+00 6.0184e+00 3.0000e+00
1.5841e+00 7.0767e+00 3.0000e+00
3.6019e+00 3.3532e+00 3.0000e+00
9.0268e-02 4.6792e+00 1.0000e+00
4.8138e+00 8.5841e+00 3.0000e+00
5.4984e+00 1.7600e-01 3.0000e+00
9.7936e+00 -2.1028e+00 2.0000e+00
5.5492e+00 4.9262e+00 3.0000e+00
-1.8146e+00 1.0389e-01 1.0000e+00
3.1301e-01 4.6436e-01 1.0000e+00
2.2808e+00 5.3146e+00 3.0000e+00
9.2597e+00 -1.9185e+00 2.0000e+00
1.3644e+01 -1.5130e-01 2.0000e+00
-1.7035e+00 3.6454e+00 1.0000e+00
-3.9680e-01 1.8838e-01 1.0000e+00
2.8460e+00 7.9217e-01 1.0000e+00
1.0506e+01 -8.1603e-01 2.0000e+00
-3.9036e+00 -1.3198e+00 1.0000e+00
-9.0761e-01 8.0653e-01 1.0000e+00
4.3902e-01 7.8613e-01 1.0000e+00
6.3100e+00 7.5410e+00 3.0000e+00
7.3993e+00 -1.6077e+00 2.0000e+00
4.1558e+00 6.9110e+00 3.0000e+00
6.7781e-01 4.0421e+00 1.0000e+00
2.6556e+00 -2.0256e-01 1.0000e+00
6.4803e+00 4.2378e+00 3.0000e+00
1.0638e+01 6.1453e-01 2.0000e+00
1.4977e+01 3.3919e+00 2.0000e+00
4.6933e+00 -2.5583e+00 1.0000e+00
4.2696e-01 -2.4171e+00 1.0000e+00
3.8315e+00 4.3132e+00 3.0000e+00
1.2707e+00 6.3149e+00 3.0000e+00
-7.8566e-02 -2.3362e+00 1.0000e+00
1.5115e+00 -1.0783e+00 1.0000e+00
7.0356e-01 7.5847e-01 1.0000e+00
-2.6318e+00 -9.2317e-01 1.0000e+00
4.8193e+00 3.4261e+00 3.0000e+00
-1.1926e+00 -1.0513e-01 1.0000e+00
7.5925e+00 8.3409e-01 2.0000e+00
-6.1803e-01 -3.3520e+00 1.0000e+00
1.1011e+01 7.1850e-01 2.0000e+00
1.3123e+01 -1.8805e+00 2.0000e+00
2.5720e+00 -3.0140e+00 1.0000e+00
1.4917e-01 -2.1542e+00 1.0000e+00
4.8424e-01 -1.7774e+00 1.0000e+00
3.5100e+00 -2.6598e-01 1.0000e+00
8.4064e+00 3.0961e+00 2.0000e+00
-2.6644e+00 -3.9372e+00 1.0000e+00
7.9201e-01 -2.1861e+00 1.0000e+00
1.0051e+01 1.2208e+00 2.0000e+00
4.8417e-01 2.7992e+00 3.0000e+00
1.0769e+01 2.0194e+00 2.0000e+00
8.8971e-01 6.4602e+00 3.0000e+00
9.0335e+00 5.1424e-03 2.0000e+00
3.9858e+00 2.7827e+00 3.0000e+00
-7.6929e-01 -8.8767e-01 1.0000e+00
4.2649e+00 6.4847e+00 3.0000e+00
-1.7186e-01 3.8859e-01 1.0000e+00
-4.4521e-01 -1.8262e+00 1.0000e+00
1.1376e+01 9.9715e-02 2.0000e+00
5.1888e+00 -8.0806e-01 1.0000e+00
-1.1828e+00 2.2488e+00 1.0000e+00
3.9014e-01 -3.5631e+00 1.0000e+00
1.4299e+01 -1.8049e-01 2.0000e+00
9.3004e+00 4.0469e+00 2.0000e+00
8.4436e+00 3.4735e+00 2.0000e+00
8.4353e+00 1.2502e+00 2.0000e+00
-2.3462e+00 3.8872e+00 1.0000e+00
1.1108e+01 -1.3403e+00 2.0000e+00
8.9427e+00 -2.1601e-01 2.0000e+00
1.3783e+00 6.2804e+00 3.0000e+00
3.9108e+00 7.0102e+00 3.0000e+00
4.4256e+00 5.6562e+00 3.0000e+00
7.3743e+00 2.8297e+00 2.0000e+00
-2.6131e+00 3.3163e+00 1.0000e+00
1.2535e+01 9.9900e-01 2.0000e+00
-1.3129e+00 -5.6691e+00 1.0000e+00
4.3267e+00 6.2007e+00 3.0000e+00
3.9415e+00 4.5448e+00 3.0000e+00
7.2633e+00 8.0951e+00 3.0000e+00
1.2108e+01 1.9017e+00 2.0000e+00
8.7059e+00 3.4249e-01 2.0000e+00
1.0056e+01 -8.5108e-01 2.0000e+00
3.5429e+00 6.1288e+00 3.0000e+00
-1.1717e-01 -6.3509e-01 1.0000e+00
7.5743e+00 5.6754e-01 2.0000e+00
7.2144e+00 8.6368e+00 3.0000e+00
-1.3048e+00 -7.8191e-01 1.0000e+00
6.8171e+00 6.4444e-03 2.0000e+00
4.3606e+00 8.3472e+00 3.0000e+00
5.5389e+00 2.8258e+00 3.0000e+00
8.6408e+00 -1.1286e+00 2.0000e+00
7.9370e+00 -2.8600e+00 2.0000e+00
5.7285e+00 5.2790e+00 3.0000e+00
4.6483e+00 5.6177e+00 3.0000e+00
-7.9890e-01 7.4011e-01 1.0000e+00
9.1975e+00 -1.6002e+00 2.0000e+00
-1.0705e+00 5.0810e-02 1.0000e+00
9.7592e+00 -2.9586e+00 2.0000e+00
-2.0971e+00 -2.8400e+00 1.0000e+00
1.8204e+00 6.3444e-01 1.0000e+00
-9.4007e-01 -4.3346e-01 1.0000e+00
9.6605e+00 -2.6827e-01 2.0000e+00
3.3758e+00 4.6144e+00 3.0000e+00
5.6847e+00 5.8133e+00 3.0000e+00
5.7298e+00 8.3164e+00 3.0000e+00
4.9015e+00 9.3817e+00 3.0000e+00
4.8880e+00 5.9652e+00 3.0000e+00
7.4011e-02 1.5358e+00 1.0000e+00
8.3217e+00 1.9802e+00 2.0000e+00
-3.1659e+00 1.2208e+00 1.0000e+00
-1.3648e-01 3.4267e+00 1.0000e+00
1.1199e+01 -5.1263e-01 2.0000e+00
4.4007e+00 3.8896e+00 3.0000e+00
1.0478e+01 2.7958e+00 2.0000e+00
6.2614e-01 -1.7082e+00 1.0000e+00
6.2316e+00 6.3314e+00 3.0000e+00
6.6857e+00 3.0140e+00 3.0000e+00
1.5333e+00 7.1259e-01 1.0000e+00
2.9890e+00 -4.1400e+00 1.0000e+00
-8.7838e-01 3.6268e-01 1.0000e+00
1.0027e+01 -3.6894e+00 2.0000e+00
6.6793e+00 2.9895e+00 3.0000e+00
1.9369e+00 6.7429e+00 3.0000e+00
-1.7948e+00 2.6249e+00 1.0000e+00
9.3186e+00 -2.5263e+00 2.0000e+00
1.4400e+00 -2.2058e+00 1.0000e+00
6.2040e+00 6.0808e+00 3.0000e+00
1.7256e-02 1.0540e+00 1.0000e+00
9.5380e-01 2.9690e-01 1.0000e+00
-1.3891e+00 -2.9927e-01 1.0000e+00
8.0023e+00 -1.4803e+00 2.0000e+00
9.6756e+00 1.5389e+00 2.0000e+00
1.0425e+01 3.0941e+00 2.0000e+00
4.5186e+00 -8.4514e-02 1.0000e+00
5.7657e+00 4.5004e+00 3.0000e+00
-6.9592e-01 -2.7068e+00 1.0000e+00
6.1204e-02 -1.3928e-01 1.0000e+00
-2.9825e+00 8.7878e-01 1.0000e+00
2.9090e+00 5.8538e+00 3.0000e+00
8.3356e+00 3.4468e-01 2.0000e+00
-1.6063e+00 -9.2868e-01 1.0000e+00
1.1280e+00 -2.5691e+00 1.0000e+00
6.1111e+00 3.5129e+00 3.0000e+00
3.6790e+00 7.1734e+00 3.0000e+00
9.3501e+00 -1.4226e+00 2.0000e+00
4.4756e+00 3.0695e+00 3.0000e+00
4.9751e+00 8.0054e+00 3.0000e+00
4.8655e+00 3.0632e+00 3.0000e+00
-3.2278e+00 -4.2548e-01 1.0000e+00
1.0538e+01 1.0498e+00 2.0000e+00
1.0802e+01 -1.9314e-02 2.0000e+00
-4.8268e-01 -1.7564e+00 1.0000e+00
-4.7392e+00 1.7281e+00 1.0000e+00
4.2124e-02 1.9891e-01 1.0000e+00
-3.3962e+00 7.7456e-01 1.0000e+00
1.9575e+00 4.4818e+00 1.0000e+00
1.8453e+00 5.3688e+00 3.0000e+00
4.6705e+00 7.3698e+00 3.0000e+00
1.4642e+01 2.3418e-01 2.0000e+00
-5.5287e-01 -5.1915e-01 1.0000e+00
-1.2717e+00 1.3529e+00 1.0000e+00
8.0857e+00 2.0279e+00 2.0000e+00
9.2803e+00 1.2748e+00 3.0000e+00
8.8671e+00 -6.1538e-01 2.0000e+00
1.2912e+01 1.1098e-01 2.0000e+00
1.9002e+00 -3.0271e-01 1.0000e+00
1.6432e+00 1.0585e-02 1.0000e+00
7.0952e-01 1.2338e+00 1.0000e+00
-5.8367e-01 -1.5230e+00 1.0000e+00
2.0579e+00 -1.4457e-01 1.0000e+00
1.5053e+01 3.5398e+00 2.0000e+00
1.2809e+01 2.9288e-01 2.0000e+00
8.6373e+00 4.5272e+00 3.0000e+00
9.2731e+00 1.5581e+00 2.0000e+00
1.2867e+01 8.3680e-01 2.0000e+00
-9.0261e-01 5.3138e-01 1.0000e+00
7.3170e-01 2.5957e+00 1.0000e+00
4.8576e+00 1.4672e+00 3.0000e+00
1.0053e+01 3.6690e-01 2.0000e+00
1.0015e+01 1.7737e+00 2.0000e+00
6.0319e+00 4.8961e+00 3.0000e+00
6.1181e+00 1.7984e+00 3.0000e+00
1.0494e+01 3.0519e+00 2.0000e+00
1.8849e+00 -5.3519e-01 1.0000e+00
1.3217e+01 -1.1232e+00 2.0000e+00
-9.2719e-01 9.6296e-01 1.0000e+00
-1.1494e-01 -7.8243e-01 1.0000e+00
1.2806e+01 6.7169e-01 2.0000e+00
2.9027e+00 5.6121e+00 3.0000e+00
6.9962e+00 3.9410e+00 3.0000e+00
1.1843e+01 9.2163e-01 2.0000e+00
-2.2955e-01 6.1750e-01 1.0000e+00
1.7905e+00 2.7499e+00 1.0000e+00
1.1538e+01 -8.4266e-01 2.0000e+00
-2.8716e-01 -7.6405e-01 1.0000e+00
6.2295e+00 5.0020e+00 3.0000e+00
1.4306e+01 9.3661e-01 2.0000e+00
1.9666e-01 2.6898e+00 3.0000e+00
1.0961e+01 -1.9364e+00 2.0000e+00
2.3628e+00 -1.2638e+00 1.0000e+00
-1.8887e+00 4.7621e-01 1.0000e+00
7.3985e+00 2.4541e+00 3.0000e+00
4.5045e+00 5.9487e+00 3.0000e+00
-2.8931e+00 1.6006e+00 1.0000e+00
-1.0107e+00 -1.6316e+00 1.0000e+00
8.0552e+00 2.6924e+00 2.0000e+00
-2.5857e+00 5.3410e-01 1.0000e+00
-1.8656e+00 2.4866e+00 1.0000e+00
1.0466e+00 -3.4309e-01 1.0000e+00
1.2803e+00 -3.2339e+00 1.0000e+00
1.1286e+01 1.1764e+00 2.0000e+00
6.3465e+00 6.9527e+00 3.0000e+00
9.8939e+00 4.5086e+00 3.0000e+00
1.6011e+00 1.5652e-01 1.0000e+00
1.1346e+00 -4.4535e-01 1.0000e+00
7.2496e+00 1.0020e+00 2.0000e+00
-4.1381e-01 1.7604e+00 1.0000e+00
1.1548e+01 -1.5489e+00 2.0000e+00
8.4926e+00 2.7538e-01 2.0000e+00
7.0143e+00 1.6327e+00 3.0000e+00
2.0688e+00 -1.9924e+00 1.0000e+00
1.4944e+00 -2.3779e+00 1.0000e+00
3.5485e-01 -8.0356e-01 1.0000e+00
1.0597e+01 1.8213e+00 2.0000e+00
1.1550e+01 5.4983e+00 3.0000e+00
6.8164e+00 6.2215e+00 3.0000e+00
4.4261e+00 4.9140e+00 3.0000e+00
1.2540e+01 -1.4197e+00 2.0000e+00
3.0852e+00 7.8172e+00 3.0000e+00
1.2003e+01 1.1944e+00 2.0000e+00
2.2064e+00 3.4129e+00 3.0000e+00
6.3311e+00 7.6031e+00 3.0000e+00
-1.7225e+00 3.8201e+00 1.0000e+00
2.8401e+00 3.3804e+00 3.0000e+00
1.8689e+00 5.3906e+00 3.0000e+00
-1.2013e+00 3.1045e+00 1.0000e+00
-3.5118e+00 9.0187e-01 1.0000e+00
9.6180e-01 4.9568e+00 3.0000e+00
1.1570e+00 6.9931e-01 1.0000e+00
7.9914e+00 -1.9964e+00 2.0000e+00
9.9334e+00 -3.0616e+00 2.0000e+00
9.6773e+00 3.5889e+00 2.0000e+00
1.0431e+01 1.1360e+00 2.0000e+00
6.4166e+00 3.6386e+00 3.0000e+00
1.0505e+01 -7.8160e-01 2.0000e+00
8.3694e+00 3.6024e+00 2.0000e+00
-1.0650e+00 1.2901e+00 1.0000e+00
2.7420e+00 -1.0197e+00 1.0000e+00
6.2770e+00 3.7843e+00 3.0000e+00
-3.0048e+00 -3.5553e+00 1.0000e+00
6.4531e+00 5.9722e+00 3.0000e+00
1.0165e+01 -1.6431e+00 2.0000e+00
6.4536e+00 9.0717e+00 3.0000e+00
5.4537e+00 7.7877e+00 3.0000e+00
4.5577e+00 3.1267e+00 3.0000e+00
4.1142e+00 1.0041e+01 3.0000e+00
-1.3171e+00 -1.0285e+00 1.0000e+00
3.1943e+00 3.3405e+00 3.0000e+00
-1.3487e+00 6.3661e-02 1.0000e+00
1.0063e+01 -1.8422e-01 2.0000e+00
9.8793e+00 -1.4221e+00 2.0000e+00
6.4392e+00 6.5404e+00 3.0000e+00
1.6833e+00 -4.9892e-01 1.0000e+00
6.6007e-01 4.4519e+00 1.0000e+00
1.3062e+01 1.8490e-01 2.0000e+00
5.3222e+00 5.5220e+00 3.0000e+00
1.0894e+01 2.1144e-01 2.0000e+00
3.7351e+00 -1.9546e+00 1.0000e+00
5.7156e+00 9.6492e+00 3.0000e+00
-5.2329e-01 -3.6449e-01 1.0000e+00
7.9163e+00 5.2344e+00 3.0000e+00
7.1825e+00 1.5186e+00 3.0000e+00
7.7756e+00 4.6514e+00 3.0000e+00
4.7805e+00 3.0175e+00 3.0000e+00
7.6100e+00 -1.0008e+00 2.0000e+00
-1.3326e+00 2.5774e+00 3.0000e+00
7.3556e+00 3.7402e+00 3.0000e+00
-9.1107e-01 3.4958e-02 1.0000e+00
1.0569e+01 8.3080e-01 2.0000e+00
-2.2537e+00 -1.4614e+00 1.0000e+00
3.1304e+00 6.4360e+00 3.0000e+00
1.8924e+00 6.3144e-01 3.0000e+00
1.1908e+01 1.0883e+00 2.0000e+00
1.0090e+01 3.7187e+00 2.0000e+00
5.3130e+00 4.2307e+00 3.0000e+00
1.6290e+00 1.1785e-01 1.0000e+00
-7.6976e-01 1.8870e-01 1.0000e+00
9.3643e+00 7.7726e+00 3.0000e+00
4.7486e+00 7.0077e+00 3.0000e+00
1.0319e+01 -3.9171e+00 2.0000e+00
6.5204e+00 1.6317e-01 3.0000e+00
9.1485e+00 8.1655e+00 3.0000e+00
8.1607e+00 5.2859e+00 2.0000e+00
1.4462e+00 4.9224e-02 1.0000e+00
9.6333e-01 6.8568e+00 3.0000e+00
1.0137e+01 -5.4455e-01 2.0000e+00
9.3358e+00 -1.4429e+00 2.0000e+00
7.2697e+00 3.8942e+00 2.0000e+00
5.9648e-01 2.6528e+00 1.0000e+00
9.1483e-01 -1.9292e+00 1.0000e+00
1.1848e+01 -2.6514e-01 2.0000e+00
3.3335e-01 1.2701e+00 1.0000e+00
3.0267e+00 1.1063e+00 1.0000e+00
5.1249e+00 2.2298e+00 2.0000e+00
3.9722e+00 5.0080e+00 3.0000e+00
1.0076e+01 -1.1578e+00 2.0000e+00
7.9879e+00 -1.6431e+00 2.0000e+00
8.9360e+00 -1.9125e+00 2.0000e+00
2.5500e+00 2.5562e+00 3.0000e+00
1.0449e+01 -3.3574e+00 2.0000e+00
9.3116e+00 -5.0542e-01 2.0000e+00
1.0396e+01 1.9550e-01 2.0000e+00
3.6785e-01 -7.7098e-01 1.0000e+00
9.2778e+00 1.2179e+00 2.0000e+00
6.4051e+00 -2.1269e+00 2.0000e+00
6.7224e+00 -1.4666e+00 2.0000e+00
1.0026e+01 -2.4389e-01 2.0000e+00
8.4190e+00 -1.8146e+00 2.0000e+00
5.6991e+00 4.5674e+00 3.0000e+00
1.0421e+00 -1.1516e+00 1.0000e+00
-4.1892e+00 2.4744e-01 1.0000e+00
8.6934e+00 1.5703e-01 2.0000e+00
-2.7415e+00 1.7313e+00 1.0000e+00
5.2897e+00 1.8562e+00 3.0000e+00
5.2285e+00 6.1292e+00 3.0000e+00
-1.0350e+00 -1.9577e+00 1.0000e+00
7.1273e-01 1.4131e+00 1.0000e+00
3.9593e-01 2.1639e+00 1.0000e+00
1.7315e+00 1.5368e+00 3.0000e+00
7.9090e+00 -2.1697e+00 2.0000e+00
-2.0685e+00 1.3632e+00 1.0000e+00
5.6790e+00 7.3120e+00 3.0000e+00
1.1068e+01 6.3577e-01 2.0000e+00
-1.4512e+00 -2.7667e+00 1.0000e+00
1.7379e+00 5.5374e-01 1.0000e+00
3.2621e+00 4.3292e+00 3.0000e+00
1.7289e+00 -1.4843e+00 1.0000e+00
-2.9235e+00 -1.3669e+00 1.0000e+00
1.8874e+00 6.3242e+00 3.0000e+00
-1.6754e+00 -1.1824e+00 1.0000e+00
6.2567e+00 2.7462e+00 3.0000e+00
6.2153e+00 -3.5563e-01 2.0000e+00
1.0284e+01 3.6669e+00 2.0000e+00
1.1133e+01 2.9261e-01 2.0000e+00
5.4636e+00 6.6975e+00 3.0000e+00
1.1979e-01 -4.2505e-01 1.0000e+00
1.0295e+01 -1.9549e+00 2.0000e+00
5.3149e+00 6.0588e+00 3.0000e+00
3.1855e+00 -5.1715e-01 1.0000e+00
2.0263e+00 4.2051e+00 3.0000e+00
8.3207e+00 -2.7365e+00 2.0000e+00
9.0180e+00 4.5431e+00 3.0000e+00
1.0210e+01 -1.8332e-01 2.0000e+00
1.1355e+01 2.6144e+00 2.0000e+00
5.6088e-01 -1.9862e+00 1.0000e+00
7.4565e+00 4.7159e+00 3.0000e+00
1.5513e+00 6.9278e+00 3.0000e+00
6.3045e+00 7.0720e+00 3.0000e+00
-1.5283e+00 -2.8756e+00 1.0000e+00
-1.0857e+00 8.3210e-01 1.0000e+00
1.3038e+01 -2.3423e+00 2.0000e+00
1.8590e+00 1.1644e+00 1.0000e+00
1.6406e+00 2.7199e+00 1.0000e+00
-5.1060e+00 1.3072e+00 1.0000e+00
1.2521e+01 -2.0079e-01 2.0000e+00
7.7261e-02 -3.3134e+00 1.0000e+00
1.2617e+01 -5.1597e-02 2.0000e+00
9.4356e+00 -2.3164e+00 2.0000e+00
6.1549e+00 5.9152e+00 3.0000e+00
8.7185e+00 -2.2686e+00 2.0000e+00
6.4974e-01 1.9942e+00 1.0000e+00
9.4576e+00 -2.6343e+00 2.0000e+00
7.6546e-01 -6.8485e-02 1.0000e+00
-5.3183e+00 1.2126e+00 1.0000e+00
9.9738e-01 2.0959e+00 1.0000e+00
1.1738e+01 3.6836e-01 2.0000e+00
-6.9250e-01 -1.5893e+00 1.0000e+00
1.7158e+00 2.2822e+00 1.0000e+00
-3.8131e-01 -7.8970e-01 1.0000e+00
5.5787e+00 7.3260e+00 3.0000e+00
5.7576e+00 -3.6777e+00 2.0000e+00
1.2515e+01 -4.1733e+00 2.0000e+00
3.7587e+00 4.6143e+00 3.0000e+00
3.8335e+00 6.7388e+00 3.0000e+00
4.8159e+00 3.9275e+00 3.0000e+00
4.0225e+00 -8.9191e-02 1.0000e+00
2.7361e+00 7.7964e+00 3.0000e+00
6.6153e+00 1.4587e+00 2.0000e+00
4.7429e+00 6.1088e+00 3.0000e+00
2.9829e+00 5.7178e+00 3.0000e+00
4.9944e+00 -4.4906e+00 1.0000e+00
1.0135e+01 -9.2604e-01 2.0000e+00
9.7025e+00 1.9201e-01 2.0000e+00
4.6815e+00 2.0735e+00 3.0000e+00
8.7489e+00 1.9843e+00 2.0000e+00
3.0400e+00 3.4392e+00 1.0000e+00
2.3112e+00 5.9304e+00 3.0000e+00
1.2328e+00 3.8833e+00 3.0000e+00
6.5041e+00 5.5810e+00 3.0000e+00
1.1762e+01 2.0660e+00 2.0000e+00
5.4903e-01 -1.7818e+00 1.0000e+00
1.1047e+01 -1.0752e+00 2.0000e+00
2.7566e+00 5.3905e+00 3.0000e+00
2.8379e+00 1.1277e+00 3.0000e+00
1.1742e+01 -1.7559e+00 2.0000e+00
7.4948e+00 -1.1726e+00 2.0000e+00
1.0191e-01 -3.5885e+00 1.0000e+00
1.1690e+01 -1.3512e+00 2.0000e+00
-1.6068e+00 -1.3791e+00 1.0000e+00
3.6653e+00 4.5014e+00 3.0000e+00
8.3283e+00 -1.8842e+00 2.0000e+00
9.8020e+00 -2.1013e+00 2.0000e+00
9.6531e+00 -1.0201e+00 2.0000e+00
-1.3561e+00 2.5957e+00 1.0000e+00
6.6717e+00 -2.5314e-01 2.0000e+00
1.1504e+01 1.1260e+00 2.0000e+00
3.3516e+00 3.4832e+00 3.0000e+00
9.9799e+00 2.4760e+00 2.0000e+00
-7.9899e-01 5.2175e+00 3.0000e+00
7.1965e+00 7.3198e+00 3.0000e+00
1.1026e+01 -5.0825e+00 2.0000e+00
3.2765e+00 3.9248e+00 3.0000e+00
1.0410e+01 2.3231e+00 2.0000e+00
-1.2944e+00 9.4449e-01 1.0000e+00
-1.2872e+00 -4.4468e+00 1.0000e+00
-1.3449e+00 -7.1911e-01 1.0000e+00
-1.6113e+00 -2.2366e+00 1.0000e+00
3.7684e+00 6.7711e+00 3.0000e+00
4.7959e+00 4.1021e+00 3.0000e+00
-1.3746e+00 -2.3495e-01 1.0000e+00
5.3899e+00 9.4775e-02 3.0000e+00
8.9010e+00 -2.1971e+00 2.0000e+00
8.5601e+00 -1.7871e+00 2.0000e+00
1.1604e+01 -3.6931e+00 2.0000e+00
3.3341e+00 7.2635e+00 3.0000e+00
5.2288e+00 4.4989e+00 3.0000e+00
4.7348e+00 6.0920e+00 3.0000e+00
1.3810e+01 -2.9554e-02 2.0000e+00
5.7230e+00 1.9379e+00 3.0000e+00
8.6522e-01 8.1527e+00 3.0000e+00
-3.1533e-01 4.5134e+00 1.0000e+00
6.0015e+00 3.3101e+00 3.0000e+00
-1.3927e+00 -5.8079e-01 1.0000e+00
4.1544e+00 6.9071e+00 3.0000e+00
-3.2859e+00 -8.1214e-01 1.0000e+00
1.2297e+01 -1.8217e+00 2.0000e+00
4.1464e+00 4.6583e+00 3.0000e+00
-3.1364e-02 3.2186e-01 1.0000e+00
2.3761e+00 6.3389e-01 1.0000e+00
1.0445e+01 -1.7675e-01 2.0000e+00
9.8748e-01 -2.3221e-01 1.0000e+00
7.2061e-01 -1.1053e-01 3.0000e+00
9.2881e+00 5.0805e+00 2.0000e+00
-8.1188e-01 1.4487e+00 1.0000e+00
8.4891e+00 -2.4024e+00 2.0000e+00
-2.3147e+00 -6.2458e-01 1.0000e+00
9.7146e+00 -2.4553e+00 2.0000e+00
6.5196e+00 4.0524e+00 3.0000e+00
7.0375e+00 -2.5451e+00 2.0000e+00
8.4870e+00 6.0303e-01 2.0000e+00
2.7356e+00 2.7029e+00 3.0000e+00
9.4167e+00 -3.4820e+00 2.0000e+00
6.6893e+00 3.0729e-01 2.0000e+00
4.8726e+00 4.1141e+00 3.0000e+00
1.4182e+00 4.9152e+00 3.0000e+00
3.9860e-01 -1.0121e-01 1.0000e+00
-1.1946e+00 -4.7584e-01 1.0000e+00
1.1208e+01 -3.2592e+00 2.0000e+00
-3.8726e+00 3.7756e-01 1.0000e+00
1.0210e+01 2.6783e-01 2.0000e+00
-3.4847e+00 -2.6065e+00 1.0000e+00
7.1072e+00 -9.0470e-01 2.0000e+00
8.2417e+00 -4.6220e-01 2.0000e+00
4.7897e+00 5.8890e+00 3.0000e+00
-1.2562e+00 -9.6205e-01 1.0000e+00
2.6383e+00 -1.7648e+00 1.0000e+00
1.3201e+01 -3.7767e-01 2.0000e+00
6.6260e+00 4.9130e+00 3.0000e+00
-2.3124e+00 1.5624e+00 1.0000e+00
7.9993e+00 3.3480e+00 2.0000e+00
9.0585e+00 5.4559e-01 2.0000e+00
2.5404e+00 4.0958e+00 3.0000e+00
1.1137e+01 -6.6562e-01 2.0000e+00
8.3724e+00 -2.8982e+00 2.0000e+00
1.3176e+01 -1.2865e+00 2.0000e+00
1.0572e+01 1.9571e+00 2.0000e+00
7.2074e-01 6.4838e+00 3.0000e+00
7.0987e+00 2.7209e+00 3.0000e+00
1.1826e+01 4.4226e+00 2.0000e+00
-6.9582e-01 3.1270e-01 1.0000e+00
9.3984e+00 -1.3212e+00 2.0000e+00
1.2118e+01 -2.0451e+00 2.0000e+00
1.2078e+01 9.5819e-01 2.0000e+00
6.3432e-01 1.0401e+00 1.0000e+00
9.1378e+00 1.1455e+00 2.0000e+00
7.7783e+00 2.2849e+00 3.0000e+00
-4.8652e-02 -1.4761e+00 1.0000e+00
-1.8076e-01 2.7352e+00 1.0000e+00
1.1119e+01 -2.1274e+00 2.0000e+00
1.3170e+01 1.2959e+00 2.0000e+00
-8.8185e-01 -5.6071e-01 1.0000e+00
3.8860e+00 4.0353e+00 3.0000e+00
7.0330e+00 5.1805e+00 3.0000e+00
9.1755e+00 -8.0692e-01 2.0000e+00
-9.9803e-01 4.2702e-02 1.0000e+00
2.4464e-02 3.1385e+00 1.0000e+00
7.4209e+00 4.6655e+00 3.0000e+00
1.3339e+01 6.0398e-01 2.0000e+00
2.2788e+00 -2.4697e+00 1.0000e+00
-1.8758e+00 8.6622e-01 1.0000e+00
3.9047e+00 6.4731e+00 3.0000e+00
-1.3046e+00 -1.0424e+00 1.0000e+00
-7.1536e-02 4.7615e+00 1.0000e+00
-1.8175e+00 -8.4864e-01 1.0000e+00
9.9215e+00 -1.8979e+00 2.0000e+00
-5.6364e-02 8.5666e-01 1.0000e+00
